010100000
111111101
111101110
010000001
111111001
010000000
111111010
111000110
110011001
110000111
110111111
110110111
011001011
110011001
110001111
110111111
110110111
011001010
110011001
110010111
110111111
110110111
011001001
110111010
110110111
011001000
110000010
110111111
110110111
011000111
110001010
110111111
110110111
011000110
110010010
110111111
110110111
011000101
110011010
110111111
110110111
011000100
110011010
110000111
110111111
110110111
011000011
110011010
110001111
110111111
110110111
011000010
110011010
110010111
110111111
110110111
011000001
010001011
110011111
110010111
111111100
010001010
110011111
110001111
000111100
111111100
010001001
110011111
110000111
000111100
111111100
010001000
110011111
000111100
111111100
010000111
110010111
000111100
111111100
010000110
110001111
000111100
111111100
010000101
110000111
000111100
111111100
111100111
001100111
011001100
000100111
111101110
011011111
111000110
010001011
110011111
110010111
111111100
010001010
110011111
110001111
000111100
111111100
010001001
110011111
110000111
000111100
111111100
010001000
110011111
000111100
111111100
010000100
110010111
000111100
111111100
010000011
110001111
000111100
111111100
010000010
110000111
000111100
111111100
111100111
001100111
011001101
010001011
110011111
110010111
111111100
010001010
110011111
110001111
000111100
111111100
010000111
110011111
110000111
000111100
111111100
010000110
110011111
000111100
111111100
010000100
110010111
000111100
111111100
010000011
110001111
000111100
111111100
010000001
110000111
000111100
111111100
111100111
001100111
011001110
010001011
110011111
110010111
111111100
010001001
110011111
110001111
000111100
111111100
010000111
110011111
110000111
000111100
111111100
010000101
110011111
000111100
111111100
010000100
110010111
000111100
111111100
010000010
110001111
000111100
111111100
010000001
110000111
000111100
111111100
111100111
001100111
011001111
010001100
110010111
111111100
010001101
110001111
000111100
111111100
010001110
110000111
000111100
111111100
010001111
000111100
111111100
110011001
000111100
001100100
111010111
001100111
110000111
000111100
001100111
011010000
010000100
110011111
110010111
111111100
010000011
110011111
110001111
000111100
111111100
010000010
110011111
110000111
000111100
111111100
010001101
110011111
000111100
111111100
010000001
110010111
000111100
111111100
010001110
110001111
000111100
111111100
010001111
110000111
000111100
111111100
010010000
000111100
111111100
111101110
111100111
011011110
101001101
111111101
111111110
010111110
100101111
011100000