010100000
111111101
111101110
010011111
111111001
010011110
111111010
111000110
110111001
110110111
011001111
110000001
110111111
110110111
011001110
110001001
110111111
110110111
011001101
110010001
110111111
110110111
011001100
110011001
110111111
110110111
011001011
110011001
110000111
110111111
110110111
011001010
110011001
110001111
110111111
110110111
011001001
110011001
110010111
110111111
110110111
011001000
110111010
110110111
011000111
110000010
110111111
110110111
011000110
110001010
110111111
110110111
011000101
110010010
110111111
110110111
011000100
110011010
110111111
110110111
011000011
110011010
110000111
110111111
110110111
011000010
110011010
110001111
110111111
110110111
011000001
110011010
110010111
110111111
110110111
011000000
111001111
001100111
011010000
110111001
111111100
110111010
110011111
000111100
001100111
011010001
010001111
110011111
110010111
111111100
010001110
110011111
110001111
000111100
111111100
010001011
110011111
110000111
000111100
111111100
010001010
110011111
000111100
111111100
010000111
110010111
000111100
111111100
010000110
110001111
000111100
111111100
010000011
110000111
000111100
111111100
010000010
000111100
111111100
001100111
011010010
010001111
110011111
110010111
111111100
010001101
110011111
110001111
000111100
111111100
010001011
110011111
110000111
000111100
111111100
010001001
110011111
000111100
111111100
010000111
110010111
000111100
111111100
010000101
110001111
000111100
111111100
010000011
110000111
000111100
111111100
010000001
000111100
111111100
001100111
011010011
010010011
111111011
010010010
110000111
000111011
111111011
010010001
110001111
000111011
111111011
010010000
110010111
000111011
111111011
011010100
111001111
001100100
111010111
001100111
110000111
000100111
001100111
011010101
111111110
010100000
111111100
100010000
111000110
000011110
111111110
010000000
111111110
010100001
001000100
111000110
000011110
111111110
111100111
011000000
010100001
110011111
110001111
111111100
010100000
111111110
100010001
010100000
111011110
100010001
010100001
110011111
110010111
111101110
011000001
011000000
010100000
111111110
100010010
111000110
010001111
110001111
000111100
111111100
010001110
110000111
000111100
111111100
010001101
000111100
111111100
111101110
011000001
111000110
010001100
110011111
110010111
111111100
010001011
110011111
110001111
000111100
111111100
010001010
110011111
110000111
000111100
111111100
010001001
110011111
000111100
111111100
010000111
110010111
000111100
111111100
010000110
110001111
000111100
111111100
010000101
110000111
000111100
111111100
010000011
000111100
111111100
111101110
011000000
101001101
111111101
111111110
010111110
100101111
011100000