010100000
111111101
010111111
111111110
010000001
111111001
111101110
010000000
111111010
010100000
111111011
110110010
110010111
111111100
111001110
111100111
100100001
101000011
111111011
110101010
110010111
111111100
111001110
111100111
100100010
101000011
111111011
110100010
110010111
111111100
111001110
111100111
100100011
101000011
111111011
110010010
111111100
111001110
111100111
100100100
101000011
111111011
110011011
111111011
110011010
111111010
111101110
010000001
110111111
000111010
111111010
110110010
110010111
111111100
111001110
111100111
100100101
101000011
111111011
110101010
110010111
111111100
111001110
111100111
100100110
101000011
111111011
110100010
110010111
111111100
111001110
111100111
100100111
101000011
111111011
110010010
111111100
111001110
111100111
100101000
101000011
111111011
000000101
111111110
111011111
011000000
101000101
111111101
111111110
010111111
100100000
111101110
010000000
111111010
010100000
111111011
110110010
110010111
111111100
111001110
111100111
100101001
101000011
111111011
110101010
110010111
111111100
111001110
111100111
100101010
101000011
111111011
110100010
110010111
111111100
111001110
111100111
100101011
101000011
111111011
110010010
111111100
111001110
111100111
100101100
101000011
111111011
110011011
111111011
000000101
111111110
111011111
011000000
010100000
111111101
010100000
111111010
111111011
111111100
000101000
111111110
010000000
111111001
110111001
111111110
000111010
111111010
110011001
110111111
000111110
000111011
111111011
010100000
100001110
101000100
111111100
101000101
111111101
111111110
010111111
101000111
100101101
010111111
111111110
111010111
011000010
111011111
011000100
111100111
011000011
011100000